//Reference=MNI
//Braskie (2010): Table 3 Encoding & Retrieval
//Subjects=25
22 -56 20
-14 -62 22
-52 -54 46
24 -72 58
-68 -50 10
-60 -32 0
-46 12 24
-44 22 38
-54 8 18
-10 -72 30
-10 -44 30
12 -60 32
-46 -56 38
22 -68 58
-46 -50 28
-16 -28 -18
-26 -22 -10
-24 -40 -18
-8 32 32
0 18 44
-54 12 20
-8 -70 30
-2 -28 -26
-10 -40 -26
//Reference=MNI
//DiNuzzo (2019): Tables 1 & 2 Brain regions correlated to pupil diameter
//Subjects=15
15 -66 -6
-18 -72 -9
54 -66 -6
54 -27 54
12 -48 63
-6 -27 -18
-6 -18 -3
-9 -63 21
0 30 21
0 9 45
-30 18 -18
36 18 -18
36 12 6
//Reference=MNI
//Garfinkel (2016): Table 2 hypoactivation with elevated SBP
//Subjects=14
-30 -48 6
18 -56 42
-26 -4 -28
-64 -2 22
58 -8 32
20 -64 20
0 -64 48
//Reference=MNI
//Gianaros (2004): Table 2a & 2b correlation between rCBF and heart period
//Subjects=93
-6 36 -10
12 40 -6
36 -4 8
-18 10 -26
-14 2 -24
20 -6 -22
0 12 54
-34 -52 40
4 -72 -32
56 -56 -26
-42 -56 -30
//Reference=MNI
//Gianaros (2005): Table 2 MAP during stroop
//Subjects=20
8 28 24
-8 26 24
12 44 -2
-48 12 -12
54 4 10
26 56 2
-30 48 28
52 20 30
6 28 48
-44 36 12
-56 -46 42
54 -38 44
-52 0 18
60 -16 0
50 -74 16
6 -80 18
-18 -68 -4
-14 0 8
16 -24 16
12 10 14
24 4 4
28 -42 -12
-2 -32 -20
//Reference=MNI
//Hiura (2018): Table 4 correlations between regional CBF and MAP
//Subjects=11
-4 -36 58
6 -46 23
-64 -15 -29
-33 -81 -44
2 -6 -23
9 -21 28
-16 -24 0
//Reference=MNI
//Kobuch (2019): Table 2 cerebral blood flow correlated significantly with MBP
//Subjects=31
-8 14 4
38 28 34
-34 22 8
34 -8 16
4 10 36
-44 -10 28
54 -6 30
//Reference=MNI
//Langbaum (2012): Table 3 correlations between higher SBP and lower CMRgl 
//Subjects=32
17.91 75.37 -9.48
-15.87 56.48 38.22
54.9 -76.79 15.12
5.17 45.43 -10.17
//Reference=MNI
//Okon-Singer (2014): Table 4 correlation with SBP during several tasks
//Subjects=16
-57 -46 37
-54 2 28
-42 -7 -20
-42 47 16
-42 -58 37
-39 -22 10
-39 56 10
-33 -37 22
-30 5 -11
-27 -4 -17
-27 -43 64
-27 -4 -14
-24 14 22
-21 -40 70
-21 -25 55
-21 -31 -29
-18 17 34
-18 -40 70
-9 -22 49
-9 -22 49
-9 -55 -50
-6 68 16
-6 -7 67
-6 -4 46
6 -25 -26
9 -10 -8
9 -58 -50
18 38 16
18 14 46
21 -16 40
21 -46 34
21 8 -11
24 -16 37
27 65 19
30 -19 -20
33 -76 -38
36 8 34
36 -19 -14
42 23 40
42 -49 31
54 26 1
//Reference=MNI
//Chang (2013): Supp. Table 1: 1st column: activation HF-HRV
//Subjects=35
0 12 36
-39 9 -6
60 6 -3
-57 -3 3
54 -3 9
54 -30 24
-60 -36 27
18 -3 -15
-18 -60 -21
15 -63 -21
24 -6 -9
27 -12 -6
-30 0 0
36 0 -6
//Reference=MNI
//Critchley (2015): Table 2 (HRV increases & decreases; HR decreases)
//Subjects=20
-26 -42 2
24 12 30
-16 4 36
24 -26 72
8 -28 -48
-26 22 -8
24 -82 -4
2 28 44
-60 2 16
22 12 -2
-30 -16 2
-22 12 4
-40 -6 14
44 -6 10
16 10 0
12 -38 -32
-12 -32 -34
-2 32 0
-12 42 4
-8 38 12
24 -6 62
-40 -68 -50
-26 54 2
-30 -6 -32
20 -8 -24
36 -6 -36
52 -2 -22
6 14 24
//Reference=MNI
//Eisenbarth (2016): Table 1 & Table 2 HR and SCL related weight map peak regions with positive and negative effects
//Subjects=18
-50 -14 -36
10 42 -30
14 50 -24
-20 40 -28
14 44 -24
-20 38 -20
-24 42 -26
10 50 -12
0 48 42
46 16 48
8 38 -10
2 -52 -24
-12 -22 -38
-26 24 -30
-22 24 -26
-20 8 52
//Reference=MNI
//Gray (2012): Table 3 Significant correlations between BOLD signal and heart
//Subjects=37
38 -74 -22
-28 -42 -44
-30 62 0
6 -2 72
-6 -52 -26
-14 14 -16
52 -8 54
-64 -18 10
28 62 -4
36 58 10
2 -82 6
//Reference=MNI
//Kuniecki (2003): Table 1 & 2: Areas activated by both course of experimental run and HR changes (negative and positive vs. neutral slides)
//Subjects=16
-37.22 -64.34 -8.28
46.14 -61.55 -7.24
-35.32 25.53 -2.46
20.23 -3.97 -17.35
41.58 34.36 -5.2
45.77 9.33 -26.56
-9.62 5.33 -4.4
-2.87 -63.56 12.45
46.14 -68.07 -8.93
-43.68 -58.2 -10.95
35.05 23.27 -24.26
-7.36 -31.83 -3.54
9.76 -33.67 -1.36
3.21 -7.71 -9.03
//Reference=MNI
//Lane (2009): Table 3 4 & 5 HF-HRV correlates with rCBF
//Subjects=12
26 42 40
-6 48 8
50 48 8
2 58 2
44 -32 50
30 52 28
40 -38 42
-4 6 6
18 -20 -2
-30 10 -10
2 52 26
-8 48 4
28 56 10
-44 -34 38
46 -52 44
-22 -92 30
//Reference=MNI
//Lutz (2009): Table 2 BOLD correlates of HR across states.
//Subjects=22
43.9 5.54 7.23
49.55 -12.12 39.87
-35.26 -75.98 -35.21
-33.87 -90.24 0.54
0.52 -13.33 56.15
-33.11 -28.61 -14.67
45.37 -60.59 32.83
-9.6 53.92 18.29
-8.24 43.72 51.47
40.12 -41.02 52.44
//Reference=MNI
//Matsunaga (2009): Table 4 correlations with HRV-HF during positive film 
//Subjects=10
-30.98 27.38 7.37
37.41 21.1 2.65
43.87 12.86 5.5
-33.5 58.46 -30.89
-27.05 47.93 -30.08
65.25 -0.05 1.88
63.19 -10.29 7.22
-56.54 6.08 9.45
-15.71 15.24 41.67
33 -2.3 -24.33
-69.2 -9.89 24.32
-60.58 -20.07 29.54
-5.25 -74.94 -24.49
5.43 43.77 23.42
-3.01 20.63 27.69
30.74 29.41 -26.96
//Reference=MNI
//Nugent (2011b): Supp Table 3 HRV-HF during fixation handgrip or nback
//Subjects=22
45.83 18.73 -15.09
-37.3 7.42 11.35
-5.24 -73.72 -22.36
//Reference=MNI
//Breeden (2017): Table 1 Regions positively related to pupil diameter
//Subjects=35
0 -42 40
-16 -30 42
-8 -8 6
2 10 42
16 -12 12
14 4 -10
2 28 32
24 6 40
24 46 36
20 -46 12
10 -62 30
6 -68 50
-28 12 -4
-28 -22 -8
34 -14 -10
46 -52 38
-30 2 32
3 -28 -22
-30 34 36
-2 -68 -12
-16 -56 -20
30 52 -12
56 -48 -12
-28 42 -4
-50 -54 48
12 40 -4
-10 34 -4
46 2 14
-28 52 30
-24 -38 -22
-42 -80 34
-44 30 10
46 36 18
-34 24 10
-32 -84 -10
-38 -54 -14
40 -52 -14
-20 -86 18
-48 -78 8
26 -86 20
40 -84 2
8 -70 2
16 -48 -4
26 -78 46
50 -24 52
30 -54 56
-28 -54 56
-46 -16 44
-62 -34 4
-60 -10 -4
54 8 -14
66 -14 0
28 -16 -22
62 -6 -16
//Reference=MNI
//Critchley (2005): Table 1 pupil independent of and in conjunction with error processing
//Subjects=15
0 44 14
2 34 14
-2 -10 42
0 25 20
6 21 39
2 21 52
4 -28 -30
34 16 -11
34 18 -11
//Reference=MNI
//Critchley (2005b): Table 1 & 2 Activity correlated with heart rate
//Subjects=15
-18 -64 -20
22 -66 -24
-52 -2 16
40 -2 18
-10 -2 52
36 -40 40
16 -72 46
46 -34 14
-30 -8 -18
34 -8 20
10 6 -2
22 8 -16
4 -22 -24
-8 -14 46
34 18 2
30 -4 14
-38 2 14
22 8 -16
24 4 -18
-30 0 -12
22 -66 -24
-17 -65 -15
-10 -68 -8
16 -70 -8
56 -16 16
18 -46 -56
14 -16 0
-14 -12 8
12 -20 -8
-8 -28 -40
-4 -32 -50
//Reference=MNI
//Decety (2012): Supp Table 1 pupil dilation when participants perceived the visual stimuli.
//Subjects=57
-6 -12 46
22 -8 16
-54 -26 10
//Reference=MNI
//Evans (2017): Table 4 Positive effect of pupil diameter as 2nd-level covariate
//Subjects=52
32 -88 -6
-14 -74 28
10 -52 36
//Reference=MNI
//Harsay (2018): Table 1 Effect of pupil diameter before aware errors
//Subjects=20
30 22 -4
40 2 -4
48 -26 50
6 6 42
-2 12 38
6 -6 62
56 10 4
34 -8 56
56 -36 34
-40 -44 -34
-26 -62 36
14 -66 -6
10 50 -16
-8 50 -16
12 48 -16
-10 54 -18
2 -26 36
8 -56 22
-8 -56 26
//Reference=MNI
//Leuchs (2017): Table 1 2 3 4 effect of pupil during entire fear learning task
//Subjects=26
-4 -6 50
34 6 -12
-36 -4 -10
-50 -22 20
48 -26 18
8 -4 2
-50 0 14
-18 -4 72
-6 12 36
8 -6 2
50 -24 24
-2 -6 46
-24 -80 18
36 -80 10
-2 52 -6
44 -82 -6
-32 -88 10
//Reference=MNI
//Murphy (2014): Table 1 & 2 pupil diameter at rest & during oddball task performance
//Subjects=14
38 -52 -16
36 -66 -12
-38 -90 6
26 -78 34
14 -86 22
22 -56 -6
32 -54 -28
-4 -22 32
2 24 26
12 4 50
4 -36 -46
-4 -32 -30
-14 8 -12
58 2 6
38 -12 4
64 -28 24
50 8 4
10 -86 22
28 -76 30
-40 -78 -2
38 -78 -2
34 -64 -14
8 -68 -2
24 -78 28
6 -72 -10
20 -86 22
-14 -92 26
44 -74 8
-14 -66 -6
26 -66 -8
12 -74 -6
-8 -18 -18
2 -30 -22
6 -6 -2
6 -28 -8
12 -72 -8
24 -68 -10
44 -76 6
24 -84 26
12 -92 24
-8 -88 26
-6 -32 -12
0 -32 -20
-4 -18 -18
-10 -8 6
-12 -66 -6
-16 -60 4
-24 -74 -10
//Reference=MNI
//Schneider (2016): Table 1 2 3 4 5 & 6 effect of pupil size change derivative
//Subjects=22
20 -82 -38
-10 -4 20
18 -8 14
-22 6 8
-34 -50 -34
-2 -54 -38
34 -50 -34
16 4 12
-4 34 32
0 -50 -38
-40 -66 38
2 -38 34
-8 -86 -26
36 44 10
60 -42 44
30 -66 -36
34 12 -16
-58 -38 -14
0 -54 56
20 60 8
0 22 34
-4 -56 -38
32 44 16
14 8 16
30 18 0
-40 -52 -34
10 -38 42
4 -20 32
-14 10 14
68 -36 28
5 -56 54
-18 50 20
26 6 64
-56 -52 30
14 -16 12
-2 -90 -12
-58 -52 8
0 -20 40
-2 -66 54
6 -16 8
0 -58 -32
-16 64 -8
12 36 24
-58 -58 32
-2 -46 14
0 -6 58
18 -14 40
-12 -84 30
22 -80 0
-50 4 -4
-54 -14 24
-22 -58 -12
20 -74 26
34 -80 -14
4 -90 16
-36 -12 16
38 -18 14
10 -44 56
34 6 -26
-26 6 -30
-28 -84 8
2 -30 68
-38 -28 56
54 -20 50
-20 -14 -22
44 -78 0
8 -34 68
-40 -74 6
28 -4 -28
-20 -66 -2
-20 -82 32
-62 -12 34
-40 -78 -10
46 -38 58
-28 -40 54
20 -80 30
24 -60 50
32 -80 -8
-48 -22 42
//Reference=MNI
//Schneider (2016): Supp Table S11 S12 & S13 effect of pupil size change derivative
//Subjects=35
-4 -60 48
32 28 46
-32 50 10
-2 26 36
38 28 -8
-38 16 2
54 -38 34
-58 -44 32
-18 8 72
30 28 36
-42 -82 30
-6 -24 10
-4 -34 46
56 -38 38
56 0 38
-18 -92 -4
-40 -24 70
-12 -10 50
38 -82 4
-36 -64 -14
-2 -28 66
-38 -20 54
34 -24 58
-34 -66 -14
//Reference=MNI
//Schneider (2018): Table S2BCD S4BCD S6BCD pupil during control monetary non-monetary
//Subjects=46
-48 22 20
38 8 32
54 -60 4
-60 -64 6
38 26 -18
50 26 18
-44 8 36
46 32 12
38 12 26
54 46 -12
10 -46 -20
64 -22 26
-4 22 38
50 14 18
-56 -32 36
2 -24 10
4 -28 -4
4 -76 -6
-60 -54 16
38 20 0
-46 -4 26
-58 8 12
42 4 40
-36 8 8
30 22 8
2 10 48
62 -20 24
-60 6 2
-16 -52 78
-8 14 36
44 -6 6
-56 -26 28
20 8 0
-16 10 4
-6 -6 60
26 -86 6
-24 -86 10
-14 -62 60
8 -4 56
26 -24 62
-12 -68 58
-50 -66 46
28 -94 10
28 -54 -8
42 22 58
-36 -74 -40
50 -64 32
4 -62 34
-28 -92 8
50 -46 54
32 -88 8
46 20 56
-52 -56 38
//Reference=MNI
//Tessa (2019) Supp Table 2 HF_HRV
//Subjects=14
9 16 34
0 11 34
19 -36 68
60 -18 8
28 -61 -11
31 -23 14
15 -77 -7
11 -28 77
-2 -21 77
16 8 67
-19 -36 73
10 -87 2
19 8 67
-6 -43 58
2 -20 77
45 -55 40
-46 -23 9
25 -51 3
46 -53 44
68 -29 0
-32 -47 49
59 -22 -21
-2 -21 51
52 -33 24
11 20 29
-44 -62 -20
41 26 3
4 -86 0
27 37 24
50 16 -11
-3 68 4
1 68 8
52 -18 11
56 18 -1
-10 -96 12
14 -91 8
-32 -18 20
22 33 -24
-40 -34 16
16 -92 6
19 -42 69
-3 -77 -1
38 55 -16
-2 10 31
48 19 -8
-28 63 -1
-11 -97 3
33 -28 13
21 -20 -25
25 -33 9
33 -73 -6
-65 -33 1
-31 -48 50
-46 -20 10
-5 67 -1
-19 -20 73
12 69 -3
-28 65 1
-48 -63 -17
-3 -32 28
-24 -25 -12
-9 -96 13
-60 -23 14
2 46 -23
-49 -56 -23
-20 -41 -4
47 18 -27
2 -40 26
-28 65 2
-31 61 -6
-15 -14 19
29 -17 8
22 -27 12
20 -23 20
-17 -9 21
-29 -15 13
21 4 -6
-11 1 1  
26 -59 -17
-35 -75 -26
44 -73 -24
-31 -59 -20
-30 -39 -28
30 -55 -53
14 -46 -17
-34 -44 -44
-11 -49 -47
-3 -59 -9
2 -65 -9
-28 -71 -39
13 -44 -46
21 -88 -30
1 -68 -28
17 -24 -24
6 -71 -40
-37 -37 -37
5 -43 -10
7 -74 -44
24 -37 -46
-5 -43 -13
//Reference=MNI
//Valenza (2019): Table 2 & 3
//Subjects=34
-32 26 2  
38 22 6  
38 -10 20  
-34 -24 12  
2 24 20  
6 -4 44  
-8 22 34  
60 -6 10  
-12 -18 2  
12 -20 0  
6 -24 6  
-6 -22 6  
40 -78 -14  
-36 -80 -12  
24 -70 -12  
-22 -70 -8  
54 -24 -2  
6 -38 56  
-6 4 62  
38 -14 44  
-40 -20 48  
18 -56 6  
-22 -58 4  
-20 -64 -46       
2 42 6  
0 36 26  
-2 -36 38  
4 -44 12  
-28 58 12  
-10 58 6  
2 22 42  
10 -64 34  
48 -62 42  
-36 -62 48  
-6 -72 42  
30 -92 -10  
-20 -96 -8  
-2 -62 -20  
46 -64 -42  
-48 -64 -42  
//Reference=MNI
//Zekveld (2014): Table 5 positively associated with the peak pupil dilation
//Subjects=17
56 -28 12
46 -26 16
52 -24 0
54 10 -12
-50 -20 14
-35 -30 18
-46 -20 4
-56 -2 -8
-60 -8 -6
-4 28 28
-6 16 40
6 14 42
2 28 34
16 -2 68
12 -4 66
-6 2 58
50 2 50
52 -2 42
-46 -2 52
-28 26 -4
30 30 -6
-18 18 0
48 30 8
//Reference=MNI
//Dube (2009): Table 2b Brain regions related to SCR during warm pain & (pain - warm)
//Subjects=12
36 32 36
52 28 0
52 4 36
32 0 64
52 -40 20
68 -28 4
-48 4 -8
16 -60 4
8 -72 4
44 -56 -32
8 -64 0
-36 -88 -16
8 -76 -4
8 16 60
52 8 48
-16 28 -4
-24 20 -4
//Reference=MNI
//Dunsmoor (2011): p 1883 differential SCR during fear acquisition & generalization
//Subjects=14
-30 4 -26
-26 4 -18
42 8 -6
-42 -12 -2
//Reference=MNI
//Eilam-Stock (2014): Table 2 Positive correlations between SCR and brain in controls
//Subjects=15
36 46 32
30 -40 40
22 6 62
-12 -4 0
12 14 18
14 -8 12
-14 12 10
24 -18 -2
38 50 24
-16 18 4
16 20 36
-16 10 46
6 26 38
-34 26 8
32 18 4
14 18 0
42 4 32
48 22 26
26 48 -12
32 26 6
-24 32 18
58 22 4
26 18 -6
-4 24 44
44 0 42
52 -22 -2
2 22 50
56 -40 52
48 -36 42
-26 -40 -36
-24 -64 -24
-22 -42 42
-16 -76 8
-4 -94 10
-12 -82 12
8 -92 16
8 -86 10
-16 -74 0
-24 -16 62
-2 -20 72
6 -22 62
-22 -58 58
-6 -46 24
4 -54 22
-8 -58 42
12 -54 38
-2 -54 36
4 -58 30
-58 -42 24
64 -22 32
//Reference=MNI
//Fan (2012): Table 1 Positive correlation between SCR and brain activation
//Subjects=15
-28 -64 -26
20 -58 -20
-2 -58 -18
-38 -48 -32
40 42 24
6 6 44
-6 6 46
8 2 68
-10 24 22
-32 24 12
-2 26 22
0 12 34
-20 2 24
-16 -74 10
6 -80 8
-32 40 22
34 20 22
30 20 6
20 20 4
-12 -52 50
4 -64 50
56 -50 4
-28 -58 -50
38 -68 26
12 -36 -50
34 -40 54
54 -40 40
-62 -34 0
4 -26 64
-6 -28 72
40 -18 56
34 -28 68
8 -56 28
-2 -58 20
-6 -54 14
2 28 -18
-2 52 -12
-4 34 -8
46 -68 6
46 -68 -6
-60 -46 20
-50 -54 22
-36 -58 38
48 -54 24
50 -60 38
//Reference=MNI
//Farrow (2013): Table 1 positive association integrated skin conductance response 
//Subjects=25
-30.3 -29.32 72.34
-38.88 -31.92 67.08
-49.65 -28.44 57.99
35.94 -31.21 69.51
-39 -5.65 62.65
-28.29 1.27 68.64
48.59 -3.27 58.1
1.58 9.65 64.25
3.59 7.24 46.58
42.15 7.35 58.4
-.66 -6.79 44.46
8.22 -56.04 67.45
10.35 -36.31 74.69
8.19 -65.1 60.4
-.72 -90.92 2.45
5.55 -69.28 -7.24
3.43 -80.04 -8.55
//Reference=MNI
//Farrell (2015): Table 1 Clusters of significant activation during psychogenic sweating 
//Subjects=11
2 -12 52
6 8 42
-2 12 40
34 58 6
46 -2 50
-38 -10 50
50 6 34
-52 4 36
50 -26 38
-62 -34 40
38 -66 40
-28 -68 34
-4 -74 46
-52 -64 2
8 -90 8
-8 -96 10
56 -62 -6
-48 -66 -10
34 -68 -16
-48 -64 -14
36 22 6
-34 20 6
14 -14 6
-14 -18 8
18 0 -4
-16 -2 -6
36 -68 -18
-24 -62 -22
38 -46 -30
-28 -52 -28
10 -18 -6
-12 -18 -6
-12 -36 -38
0 -34 -48
//Reference=MNI
//Fechir (2010): Table 3 positive association with SCL number of SCRs and HR during color word stroop
//Subjects=16
-33 -45 48
-18 -60 54
-51 -30 51
27 -60 -21
36 -78 -6
42 -63 -9
-42 -84 -6
-30 -57 -18
42 -39 48
48 -30 42
-30 -9 54
12 6 51
-3 6 51
9 -72 -15
33 -9 54
39 -3 51
33 -9 63
30 21 6
42 -42 48
-33 -48 42
-36 -33 42
-45 -63 -24
-39 -48 -27
-33 -39 42
-36 -42 57
-27 -9 57
-39 -9 51
-15 -6 60
-15 -12 9
39 -78 -3
33 -57 -18
-33 -57 -21
-27 -87 -12
27 -9 63
39 -3 51
39 -9 63
27 -54 51
15 -57 54
39 -39 48
51 -33 57
0 -72 -33
12 -12 6
//Reference=MNI
//Gamer (2007): Table 4 positive relation with amplitude of the skin conductance responses
//Subjects=14
-51 -66 -10
-39 -75 -15
-3 15 45
6 6 55
48 18 -5
57 9 -5
-45 -66 -30
42 -54 -30
//Reference=MNI
//Kozel (2009): Table 1 positive relation btw EDA & areas of significant activation
//Subjects=26
-39 -12 12
-51 -21 27
-3 39 -15
6 33 -15
48 -21 48
66 -3 24
42 -9 45
-27 -24 54
51 0 -36
-6 -27 63
15 -27 60
15 -24 69
-3 12 -12
69 -21 0
60 -15 9
51 -21 15
//Reference=MNI
//Linnman (2012): Table 2 & S2 positive relation btw SCR & (CS+ - CS-) & (CS+ - Baseline)
//Subjects=20
38 10 30
34 24 32
60 18 28
-44 -40 -14
-34 -30 -10
-54 -40 -6
26 -84 -2
-44 18 30
-36 14 44
-52 18 38
-40 -30 44
-36 -42 42
-40 -46 34
//Reference=MNI 
//Macintosh (2007): Table 1 Positive and Negative correlates of EDA from Behavioral Least Squares 
//Subjects=10
46.03 2.21 5.26
-27.18 -55.42 51.08
42.81 48.14 21.51
27.2 -56.38 33.8
26.88 16.07 21.04
30.5 -25.76 57.96
-4.89 -70.03 25.28
-21.36 20.84 4.47
4.43 -10.47 10.14
-46.48 -16.7 58.09
11.13 22.23 60.85
//Reference=MNI
//Mériau (2009): Table 3 SCL during the aversive relative to the neutral condition
//Subjects=18
50 52 -4
-36 54 2
42 18 -6
40 24 -18
-12 -32 2
-34 -36 2
38 -70 32
4 -92 22
//Reference=MNI
//Mueller-Pfeiffer (2014): Table 5 Loud Tones Parametrically Modulated by SC Responses
//Subjects=20
-38 9 9
35 8 11
-9 44 17
14 44 12
-11 20 35
11 18 26
5 6 53
-59 -23 24
65 -38 33
-27 53 7
17 -42 50
-12 -65 17
5 -41 -47
-12 9 17
12 11 1
-24 -38 -9
0 -11 -9
//Reference=MNI
//Napadow (2013): Supplemental Table 3 & 4 positive effect of acupuncture-induced SCR & HR
//Subjects=15
-14 -24 -6
2 -32 -52
-60 -62 -12
-50 20 -4
-4 0 40
-22 -52 -40
-10 6 76
-2 18 32
-10 4 62
2 2 70
26 -62 -10
-46 -66 48
-8 -34 -52
32 -92 -10
38 -78 -30
54 -26 10
40 -34 18
32 20 -32
-2 -60 -32
-20 -58 70
-52 -72 6
-56 -14 4
-60 -44 -4
-62 -56 -10
-37 -34 59
-28 -56 70
54 -2 26
-62 6 22
-24 -22 76
-54 8 48
0 -48 56
-6 -54 30
52 -48 24
-58 -46 22
-28 -10 66
-24 0 68
16 52 38
-20 52 24
30 -66 -22
-16 -78 -18 
-12 -56 38
0 44 32
-2 -40 60
0 -16 46
64 -14 -2
60 -58 4
36 54 18
-22 -72 -10
32 -12 4
-30 2 -4
10 -2 18
-18 -2 14
32 -74 -44
8 -60 16
42 -58 32
40 -42 -4 
-2 -62 50
-6 -50 34
2 62 2 
30 -50 36
//Reference=MNI
//Nguyen (2016): Table 1 correlation with continuous HF-HRV
//Subjects=18
-38 -1 -2
40 -1 -1
-55 -9 22
62 -12 17
-38 28 28
//Reference=MNI
//Wager (2009): Table 2 correlated and moderation by HR
//Subjects=30
0 28 0
0 22 -24
-3 38 -21
3 16 18
-12 59 3
-25 50 30
12 6 6
19 -12 21
-16 16 21
19 -6 24
19 34 -24
16 41 -21
31 41 -18
16 56 -15
44 31 -12
44 38 -3
-28 3 -45
-41 3 -42
-31 -34 -18
38 -3 -9
44 6 -15
0 31 6
9 22 33
16 -3 72
-25 50 27
44 34 30
-22 -19 21
25 44 -15
-38 34 -12
-22 53 -15
-3 50 -27
3 -16 57
-34 6 -39
-50 -22 6
56 -56 9
34 3 -21
//Reference=MNI
//Weissman (2018): Table 2 positive relation btw SCR & whole brain
//Subjects=135
-24 -40 6
-4 68 18
-2 50 44
2 -70 28
60 -62 -4
44 -42 60
//Reference=MNI
//Windel (2015): Table 1 positive relation btw SCR & activation for seniors (freq & bayes)
//Subjects=27
-42 -10 53
-53 -5 -1
45 16 27
-17 -28 63
-26 -34 56
-20 -24 57
-35 -34 56
-35 -25 53
20 -27 69
9 -36 56
24 -24 53
33 -33 57
20 -25 56
23 -33 62
37 -15 51
2 -30 62
-26 -37 56
-41 -37 54
-33 -33 44
-38 -25 53
33 -33 59
11 -37 56
23 -33 60
-51 -4 0
18 -25 72
-8 -18 72
-11 -10 71
-18 -9 63
15 -12 71
5 -10 69
25 -13 68
24 -22 56
-20 -22 59
-14 -27 62
-21 -27 62
-6 -25 56
36 -12 50
-6 -15 62
31 -19 54
-24 -24 51
-48 9 23
-47 23 11
52 27 12
11 36 17
9 -37 54
8 8 41
-53 -3 -1
-51 -19 5
-53 0 -16
-50 -25 9
-24 -10 -27
-62 3 -13
-50 -3 0
9 -37 -40
//Reference=MNI
//Wood (2017): Fig. 3. BOLD imaging results: heart rate regressor
//Subjects=30
33.7 -23.54 58.85
45.75 11.36 -27.85
21.48 -91.07 -29.02
-8.75 32.95 -19
-24.64 -10.76 -18.5
-40.89 19.84 -34.26
//Reference=MNI
//Zhang (2012): Table 3 & 4 brain regions with greater activity in high vs. low SCR go trials
//Subjects=25
3 14 22
-6 -4 73
9 -55 67
3 2 67
6 -55 67
-3 -79 -14
-6 -7 70
-21 -22 70
12 -70 52
15 -73 43
-42 47 19
3 11 25
//Reference=MNI
//Zhang (2014): Table 3 brain regions positively correlated with SCL time series
//Subjects=24
-6 29 22
24 59 13
3 32 -17
-12 8 -17
