//Reference=MNI
//Braskie (2010): Table 3 Encoding & Retrieval
//Subjects=25
22 -56 20
-14 -62 22
-52 -54 46
24 -72 58
-68 -50 10
-60 -32 0
-46 12 24
-44 22 38
-54 8 18
-10 -72 30
-10 -44 30
12 -60 32
-46 -56 38
22 -68 58
-46 -50 28
-16 -28 -18
-26 -22 -10
-24 -40 -18
-8 32 32
0 18 44
-54 12 20
-8 -70 30
-2 -28 -26
-10 -40 -26

//DiNuzzo (2019): Tables 1 & 2 Brain regions correlated to pupil diameter
//Subjects=15
15 -66 -6
-18 -72 -9
54 -66 -6
54 -27 54
12 -48 63
-6 -27 -18
-6 -18 -3
-9 -63 21
0 30 21
0 9 45
-30 18 -18
36 18 -18
36 12 6